component 0
7527 7 16 15 42 40 17 18 72 21 22 23 28 29 73 38 12 11 53 4 3 1 
component 1
2310 3 5 55 54 53 4 3 1 
component 2
3360 4 6 65 13 7 55 54 53 4 3 1 
component 3
5177 6 32 34 33 14 20 19 17 40 42 15 16 39 38 12 11 53 4 3 1 
component 4
5800 6 15 42 40 17 18 16 39 38 12 10 8 7 55 54 53 4 3 1 
component 5
9080 6 19 32 34 33 14 20 72 21 22 23 28 29 73 38 12 10 8 7 55 54 53 4 3 1 
component 6
7390 5 28 23 22 21 72 18 16 39 38 12 10 8 7 55 54 53 4 3 1 
component 7
3587 4 30 26 29 73 38 12 11 53 4 3 1 
component 8
10170 7 42 40 17 19 32 34 33 14 20 72 21 22 23 28 29 73 38 12 10 8 7 55 54 53 4 3 1 
component 9
5517 6 44 15 42 40 17 18 16 39 38 12 10 8 7 11 53 4 3 1 
component 10
4121 5 59 62 63 6 65 13 7 55 54 53 4 3 1 
10 10 10 10 8 9 9 8 7 9 9 
3587 4 30 26 29 73 38 12 11 53 4 3 1 
10170 7 42 40 17 19 32 34 33 14 20 72 21 22 23 28 29 73 38 12 10 8 7 55 54 53 4 3 1 
5517 6 44 15 42 40 17 18 16 39 38 12 10 8 7 11 53 4 3 1 
4121 5 59 62 63 6 65 13 7 55 54 53 4 3 1 
component 0
9220 8 12 38 39 16 15 42 40 17 18 72 21 22 23 28 29 73 10 8 7 55 54 53 4 3 1 
component 1
4177 3 5 55 7 11 53 54 56 57 2 1 
component 2
2860 4 6 5 55 54 53 4 3 1 
component 3
6670 7 20 14 33 34 32 19 17 40 42 15 16 39 38 12 10 8 7 55 54 53 4 3 1 
component 4
4367 5 15 42 40 17 18 16 39 38 12 11 53 4 3 1 
component 5
6050 6 17 40 42 15 16 39 38 12 10 8 7 55 54 56 57 2 1 
component 6
10160 8 28 23 22 21 72 20 14 33 34 32 19 17 40 42 15 16 39 38 12 10 8 7 55 54 53 4 3 1 
component 7
7430 5 30 26 25 35 24 23 28 29 73 38 12 10 8 7 55 54 56 57 2 1 
component 8
4650 5 40 42 15 16 39 38 12 10 8 7 55 54 53 4 3 1 
component 9
11080 9 44 15 42 40 17 19 32 34 33 14 20 72 21 22 23 28 26 29 73 38 12 10 8 7 55 54 53 4 3 1 
component 10
4121 5 59 62 63 6 65 13 7 55 54 53 4 3 1 
10 10 10 10 9 9 9 9 7 9 9 
7430 5 30 26 25 35 24 23 28 29 73 38 12 10 8 7 55 54 56 57 2 1 
11080 9 44 15 42 40 17 19 32 34 33 14 20 72 21 22 23 28 26 29 73 38 12 10 8 7 55 54 53 4 3 1 
4121 5 59 62 63 6 65 13 7 55 54 53 4 3 1 
component 0
9120 5 12 38 39 16 18 72 21 22 23 28 29 73 10 8 7 55 54 56 57 2 1 
component 1
2310 3 5 55 54 53 4 3 1 
component 2
9248 5 62 63 6 65 13 7 8 10 73 29 28 23 22 21 72 18 16 39 38 12 11 53 4 3 1 
component 3
6670 7 20 14 33 34 32 19 17 40 42 15 16 39 38 12 10 8 7 55 54 53 4 3 1 
component 4
9750 8 15 42 40 17 19 32 34 33 14 20 72 21 22 23 28 29 73 10 8 7 55 54 53 4 3 1 
component 5
5000 6 17 40 42 15 16 39 38 12 10 8 7 55 54 53 4 3 1 
component 6
8540 8 28 23 22 21 72 18 17 40 42 15 16 39 38 12 10 8 7 55 54 53 4 3 1 
component 7
5020 5 30 26 29 73 38 12 10 8 7 55 54 53 4 3 1 
component 8
4650 5 40 42 15 16 39 38 12 10 8 7 55 54 53 4 3 1 
component 9
10380 9 44 15 42 40 17 19 32 34 33 14 20 72 21 22 23 28 29 73 38 12 10 8 7 55 54 53 4 3 1 
component 10
3621 5 59 62 63 6 5 55 54 53 4 3 1 
10 10 10 10 9 9 9 9 7 9 9 
5020 5 30 26 29 73 38 12 10 8 7 55 54 53 4 3 1 
10380 9 44 15 42 40 17 19 32 34 33 14 20 72 21 22 23 28 29 73 38 12 10 8 7 55 54 53 4 3 1 
3621 5 59 62 63 6 5 55 54 53 4 3 1 
component 0
8030 5 31 29 28 23 22 21 72 18 16 39 38 12 10 8 7 55 54 53 4 3 1 
component 1
4177 3 5 55 7 11 53 54 56 57 2 1 
component 2
3360 4 6 65 13 7 55 54 53 4 3 1 
component 3
7720 7 20 14 33 34 32 19 17 40 42 15 16 39 38 12 10 8 7 55 54 56 57 2 1 
component 4
10280 8 15 42 40 17 19 32 34 33 14 20 72 21 22 23 28 29 73 38 12 10 8 7 55 54 53 4 3 1 
component 5
5000 6 17 40 42 15 16 39 38 12 10 8 7 55 54 53 4 3 1 
component 6
10060 6 28 23 22 21 72 20 14 33 34 32 19 17 18 16 39 38 12 11 7 55 54 53 4 3 1 
component 7
6380 5 30 26 25 35 24 23 28 29 73 38 12 10 8 7 55 54 53 4 3 1 
component 8
9597 6 40 17 19 32 34 33 14 20 72 21 22 23 28 29 73 38 12 10 8 7 11 53 4 3 1 
component 9
8377 8 44 15 42 40 17 18 72 21 22 23 28 29 73 38 12 10 8 7 11 53 4 3 1 
component 10
4801 5 59 62 63 6 65 13 9 8 7 55 54 53 4 3 1 
10 10 10 10 9 9 9 9 7 9 9 
6380 5 30 26 25 35 24 23 28 29 73 38 12 10 8 7 55 54 53 4 3 1 
8377 8 44 15 42 40 17 18 72 21 22 23 28 29 73 38 12 10 8 7 11 53 4 3 1 
4801 5 59 62 63 6 65 13 9 8 7 55 54 53 4 3 1 
component 0
11890 8 12 38 39 16 15 42 40 17 19 32 34 33 14 20 72 21 22 23 28 29 73 10 8 7 55 54 56 57 2 1 
component 1
2310 3 5 55 54 53 4 3 1 
component 2
3360 4 6 65 13 7 55 54 53 4 3 1 
component 3
6670 7 20 14 33 34 32 19 17 40 42 15 16 39 38 12 10 8 7 55 54 53 4 3 1 
component 4
8847 7 15 42 40 17 19 32 34 33 14 20 72 21 22 23 28 29 73 38 12 11 53 4 3 1 
component 5
8010 6 17 18 72 21 22 23 28 29 73 38 12 10 8 7 55 54 53 4 3 1 
component 6
8430 8 23 22 21 72 18 17 40 42 15 16 39 38 12 10 8 7 55 54 53 4 3 1 
component 7
9080 6 30 26 25 35 24 23 22 21 72 18 16 39 38 12 10 8 7 55 54 53 4 3 1 
component 8
5700 5 40 42 15 16 39 38 12 10 8 7 55 54 56 57 2 1 
component 9
10380 9 44 15 42 40 17 19 32 34 33 14 20 72 21 22 23 28 29 73 38 12 10 8 7 55 54 53 4 3 1 
component 10
3621 5 59 62 63 6 5 55 54 53 4 3 1 
10 10 10 10 9 9 9 9 7 9 9 
9080 6 30 26 25 35 24 23 22 21 72 18 16 39 38 12 10 8 7 55 54 53 4 3 1 
10380 9 44 15 42 40 17 19 32 34 33 14 20 72 21 22 23 28 29 73 38 12 10 8 7 55 54 53 4 3 1 
3621 5 59 62 63 6 5 55 54 53 4 3 1 
