component 0
5060 3 56 57 2 1 3 4 53 54 55 7 8 10 12 
component 1
2730 3 5 55 7 13 9 8 10 12 
component 2
5437 4 13 7 55 54 56 57 2 1 3 4 53 11 12 
component 3
2390 5 20 19 17 40 42 15 16 39 38 12 
component 4
2540 4 15 42 40 17 18 16 39 38 12 
component 5
4920 4 17 18 72 21 22 23 28 29 73 10 12 
component 6
4020 3 23 22 21 72 18 16 39 38 12 
component 7
1930 3 30 26 29 73 10 12 
component 8
8967 6 42 40 17 19 32 34 33 14 20 72 21 22 23 28 29 73 10 8 7 55 54 53 11 12 
component 9
2640 5 44 15 42 40 17 18 16 39 38 12 
component 10
2948 4 59 62 63 6 5 55 54 53 11 12 
2 10 10 10 8 9 9 8 7 9 9 
5437 4 13 7 55 54 56 57 2 1 3 4 53 11 12 
1930 3 30 26 29 73 10 12 
8967 6 42 40 17 19 32 34 33 14 20 72 21 22 23 28 29 73 10 8 7 55 54 53 11 12 
2640 5 44 15 42 40 17 18 16 39 38 12 
2948 4 59 62 63 6 5 55 54 53 11 12 
component 0
1827 2 1 3 4 53 11 12 
component 1
6237 3 5 55 54 56 57 2 1 3 4 53 11 7 8 10 12 
component 2
6117 4 13 9 8 7 55 54 56 57 2 1 3 4 53 11 12 
component 3
3410 5 20 14 33 34 32 19 17 40 42 15 16 39 38 12 
component 4
6760 5 15 42 40 17 19 32 34 33 14 20 72 18 16 39 38 12 
component 5
1740 4 17 40 42 15 16 39 38 12 
component 6
4130 3 28 23 22 21 72 18 16 39 38 12 
component 7
1930 3 30 26 29 73 10 12 
component 8
5270 5 40 17 18 72 21 22 23 28 29 73 10 12 
component 9
2640 5 44 15 42 40 17 18 16 39 38 12 
component 10
6998 5 59 62 63 6 65 13 7 55 54 56 57 2 1 3 4 53 11 12 
10 10 10 10 8 9 9 8 7 9 9 
1930 3 30 26 29 73 10 12 
5270 5 40 17 18 72 21 22 23 28 29 73 10 12 
2640 5 44 15 42 40 17 18 16 39 38 12 
6998 5 59 62 63 6 65 13 7 55 54 56 57 2 1 3 4 53 11 12 
component 0
1827 2 1 3 4 53 11 12 
component 1
4687 3 55 54 56 57 2 1 3 4 53 11 12 
component 2
6237 4 6 65 13 7 55 54 56 57 2 1 3 4 53 11 12 
component 3
3410 5 20 14 33 34 32 19 17 40 42 15 16 39 38 12 
component 4
7020 6 15 42 40 17 19 32 34 33 14 20 72 21 22 23 28 29 73 38 12 
component 5
1740 4 17 40 42 15 16 39 38 12 
component 6
7050 4 28 23 22 21 72 20 14 33 34 32 19 17 18 16 39 38 12 
component 7
1930 3 30 26 29 73 10 12 
component 8
1390 3 40 42 15 16 39 38 12 
component 9
2640 5 44 15 42 40 17 18 16 39 38 12 
component 10
2948 4 59 62 63 6 5 55 54 53 11 12 
2 10 10 10 6 9 9 7 7 9 9 
6237 4 6 65 13 7 55 54 56 57 2 1 3 4 53 11 12 
7050 4 28 23 22 21 72 20 14 33 34 32 19 17 18 16 39 38 12 
1930 3 30 26 29 73 10 12 
2640 5 44 15 42 40 17 18 16 39 38 12 
2948 4 59 62 63 6 5 55 54 53 11 12 
component 0
4310 3 1 2 57 56 54 55 7 8 10 12 
component 1
5187 3 5 55 54 56 57 2 1 3 4 53 11 12 
component 2
6237 4 6 65 13 7 55 54 56 57 2 1 3 4 53 11 12 
component 3
3410 5 20 14 33 34 32 19 17 40 42 15 16 39 38 12 
component 4
2540 4 15 42 40 17 18 16 39 38 12 
component 5
1740 4 17 40 42 15 16 39 38 12 
component 6
6900 6 28 23 22 21 72 20 14 33 34 32 19 17 40 42 15 16 39 38 12 
component 7
3290 3 30 26 25 35 24 23 28 29 73 10 12 
component 8
6890 5 40 17 19 32 34 33 14 20 72 21 22 23 28 29 73 10 12 
component 9
7290 7 44 15 42 40 17 19 32 34 33 14 20 72 21 22 23 28 29 73 10 12 
component 10
6498 5 59 62 63 6 5 55 54 56 57 2 1 3 4 53 11 12 
10 10 10 10 9 9 9 9 7 9 9 
3290 3 30 26 25 35 24 23 28 29 73 10 12 
7290 7 44 15 42 40 17 19 32 34 33 14 20 72 21 22 23 28 29 73 10 12 
6498 5 59 62 63 6 5 55 54 56 57 2 1 3 4 53 11 12 
component 0
1827 2 1 3 4 53 11 12 
component 1
4687 3 55 54 56 57 2 1 3 4 53 11 12 
component 2
6237 4 6 65 13 7 55 54 56 57 2 1 3 4 53 11 12 
component 3
3410 5 20 14 33 34 32 19 17 40 42 15 16 39 38 12 
component 4
9857 8 15 42 40 17 19 32 34 33 14 20 72 21 22 23 28 29 73 10 8 9 13 7 55 54 53 11 12 
component 5
8657 6 19 32 34 33 14 20 72 21 22 23 28 29 73 10 8 9 13 7 55 54 53 11 12 
component 6
5280 6 28 23 22 21 72 18 17 40 42 15 16 39 38 12 
component 7
1760 3 30 26 29 73 38 12 
component 8
6890 5 40 17 19 32 34 33 14 20 72 21 22 23 28 29 73 10 12 
component 9
7290 7 44 15 42 40 17 19 32 34 33 14 20 72 21 22 23 28 29 73 10 12 
component 10
3448 4 59 62 63 6 65 13 7 55 54 53 11 12 
2 10 10 10 9 9 9 9 7 9 9 
6237 4 6 65 13 7 55 54 56 57 2 1 3 4 53 11 12 
1760 3 30 26 29 73 38 12 
7290 7 44 15 42 40 17 19 32 34 33 14 20 72 21 22 23 28 29 73 10 12 
3448 4 59 62 63 6 65 13 7 55 54 53 11 12 
