boundary:1 3 5 6 7 8 9 11 12 13 15 16 17 18 19 20 22 23 26 28 29 30 31 32 40 42 44 54 55 56 62 72 
component 0
1 56 
component 1
3 7 8 11 12 16 18 29 31 54 
component 2
5 55 
component 3
6 9 13 62 
component 4
20 22 32 72 
component 5
15 
component 6
17 19 
component 7
23 26 28 
component 8
30 
component 9
40 42 
component 10
44 
component 0
Ant 0
1 3 4 53 54 55 5 6 63 62 59 
Ant 1
1 2 57 56 54 53 11 7 55 5 6 63 62 59 
Ant 2
1 3 4 53 54 55 7 13 65 6 63 62 59 
Ant 3
1 3 4 53 54 55 7 13 65 6 63 62 59 
Ant 0
56 57 2 1 3 4 53 11 7 13 65 6 63 62 59 
Ant 1
56 57 2 1 3 4 53 11 7 55 5 6 63 62 59 
Ant 2
56 54 53 11 7 55 5 6 63 62 59 
Ant 3
56 54 55 5 6 63 62 59 
component 1
Ant 0
3 4 53 11 7 13 65 6 63 62 59 
Ant 1
3 4 53 11 7 55 5 6 63 62 59 
Ant 2
3 4 53 54 55 5 6 63 62 59 
Ant 3
3 4 53 11 7 55 5 6 63 62 59 
Ant 0
7 11 53 4 3 1 2 57 56 54 55 5 6 63 62 59 
Ant 1
7 11 53 54 55 5 6 63 62 59 
Ant 2
7 55 5 6 63 62 59 
Ant 3
7 55 5 6 63 62 59 
Ant 0
8 7 13 65 6 63 62 59 
Ant 1
8 7 11 53 54 55 5 6 63 62 59 
Ant 2
8 7 55 5 6 63 62 59 
Ant 3
8 7 11 53 4 3 1 2 57 56 54 55 5 6 63 62 59 
Ant 0
11 53 4 3 1 2 57 56 54 55 7 13 65 6 63 62 59 
Ant 1
11 53 4 3 1 2 57 56 54 55 5 6 63 62 59 
Ant 2
11 53 4 3 1 2 57 56 54 55 5 6 63 62 59 
Ant 3
11 53 54 55 5 6 63 62 59 
Ant 0
12 10 8 7 55 5 6 63 62 59 
Ant 1
12 38 73 10 8 7 11 53 4 3 1 2 57 56 54 55 5 6 63 62 59 
Ant 2
12 10 8 7 55 5 6 63 62 59 
Ant 3
12 38 39 16 18 17 19 32 34 33 14 20 72 21 22 23 28 29 73 10 8 7 13 65 6 63 62 59 
Ant 0
16 39 38 73 10 12 11 53 4 3 1 2 57 56 54 55 5 6 63 62 59 
Ant 1
16 39 38 12 10 8 7 55 5 6 63 62 59 
Ant 2
16 39 38 12 11 53 4 3 1 2 57 56 54 55 5 6 63 62 59 
Ant 3
16 39 38 12 10 8 7 55 5 6 63 62 59 
Ant 0
18 72 21 22 23 28 29 73 38 12 10 8 7 13 65 6 63 62 59 
Ant 1
18 16 39 38 12 10 8 7 55 5 6 63 62 59 
Ant 2
18 16 15 42 40 17 19 32 34 33 14 20 72 21 22 23 28 29 73 38 12 10 8 7 11 53 54 55 5 6 63 62 59 
Ant 3
18 16 39 38 12 10 8 7 11 53 54 55 5 6 63 62 59 
Ant 0
29 73 38 12 10 8 7 11 53 54 55 5 6 63 62 59 
Ant 1
29 73 10 8 7 11 53 4 3 1 2 57 56 54 55 5 6 63 62 59 
Ant 2
29 73 10 12 11 53 4 3 1 2 57 56 54 55 7 8 9 13 65 6 63 62 59 
Ant 3
29 73 10 8 7 55 5 6 63 62 59 
Ant 0
31 29 73 10 12 11 53 4 3 1 2 57 56 54 55 7 8 9 13 65 6 63 62 59 
Ant 1
31 29 73 10 8 7 55 5 6 63 62 59 
Ant 2
31 29 73 38 12 10 8 7 11 53 54 55 5 6 63 62 59 
Ant 3
31 29 73 38 12 10 8 7 13 65 6 63 62 59 
Ant 0
54 55 7 13 65 6 63 62 59 
Ant 1
54 53 11 7 55 5 6 63 62 59 
Ant 2
54 53 11 7 55 5 6 63 62 59 
Ant 3
54 53 11 7 55 5 6 63 62 59 
component 2
Ant 0
5 6 63 62 59 
Ant 1
5 6 63 62 59 
Ant 2
5 6 63 62 59 
Ant 3
5 55 7 13 65 6 63 62 59 
Ant 0
55 5 6 63 62 59 
Ant 1
55 54 53 11 12 10 8 7 13 65 6 63 62 59 
Ant 2
55 7 13 65 6 63 62 59 
Ant 3
55 5 6 63 62 59 
component 3
Ant 0
6 63 62 59 
Ant 1
6 63 62 59 
Ant 2
6 63 62 59 
Ant 3
6 63 62 59 
Ant 0
9 13 7 55 5 6 63 62 59 
Ant 1
9 8 7 11 53 54 55 5 6 63 62 59 
Ant 2
9 8 7 13 65 6 63 62 59 
Ant 3
9 13 7 55 5 6 63 62 59 
Ant 0
13 7 55 5 6 63 62 59 
Ant 1
13 7 11 53 54 55 5 6 63 62 59 
Ant 2
13 65 6 63 62 59 
Ant 3
13 65 6 63 62 59 
Ant 0
62 59 
Ant 1
62 59 
Ant 2
62 59 
Ant 3
62 59 
component 4
Ant 0
20 14 33 34 32 19 17 18 16 39 38 73 10 12 11 53 54 55 7 8 9 13 65 6 63 62 59 
Ant 1
20 14 33 32 19 17 40 42 15 16 39 38 12 10 8 7 11 53 54 55 5 6 63 62 59 
Ant 2
20 19 17 18 16 39 38 12 10 8 7 11 53 54 55 5 6 63 62 59 
Ant 3
20 14 33 34 32 19 17 18 16 39 38 12 11 53 4 3 1 2 57 56 54 55 5 6 63 62 59 
Ant 0
22 23 28 29 73 10 12 11 53 4 3 1 2 57 56 54 55 5 6 63 62 59 
Ant 1
22 23 28 29 73 38 12 10 8 7 11 53 4 3 1 2 57 56 54 55 5 6 63 62 59 
Ant 2
22 23 28 29 73 38 12 10 8 7 13 65 6 63 62 59 
Ant 3
22 23 28 29 73 10 8 7 55 5 6 63 62 59 
Ant 0
32 19 17 40 42 15 16 39 38 12 10 8 7 11 53 4 3 1 2 57 56 54 55 5 6 63 62 59 
Ant 1
32 34 33 14 20 19 17 18 16 39 38 12 10 8 7 11 53 4 3 1 2 57 56 54 55 5 6 63 62 59 
Ant 2
32 19 17 18 16 39 38 12 11 53 4 3 1 2 57 56 54 55 7 13 65 6 63 62 59 
Ant 3
32 19 17 18 72 21 22 23 28 29 73 38 12 10 8 7 13 65 6 63 62 59 
Ant 0
72 21 22 23 24 35 25 26 29 73 38 12 10 8 7 55 5 6 63 62 59 
Ant 1
72 21 22 23 28 29 73 10 8 7 55 5 6 63 62 59 
Ant 2
72 21 22 23 28 29 73 10 8 7 55 5 6 63 62 59 
Ant 3
72 21 22 23 28 29 73 38 12 10 8 7 55 5 6 63 62 59 
component 5
Ant 0
15 16 39 38 12 10 8 7 55 5 6 63 62 59 
Ant 1
15 42 40 17 18 16 39 38 73 10 12 11 53 4 3 1 2 57 56 54 55 5 6 63 62 59 
Ant 2
15 16 39 38 73 10 12 11 53 54 55 7 13 65 6 63 62 59 
Ant 3
15 16 39 38 12 11 7 55 5 6 63 62 59 
component 6
Ant 0
17 19 32 34 33 14 20 72 21 22 23 28 29 73 38 12 10 8 7 55 5 6 63 62 59 
Ant 1
17 18 72 21 22 23 28 26 29 73 10 8 7 55 5 6 63 62 59 
Ant 2
17 18 72 21 22 23 28 29 73 38 12 10 8 7 11 53 54 55 5 6 63 62 59 
Ant 3
17 40 42 15 16 39 38 12 11 53 4 3 1 2 57 56 54 55 5 6 63 62 59 
Ant 0
19 32 34 33 14 20 72 21 22 23 28 29 73 38 12 11 53 4 3 1 2 57 56 54 55 7 13 65 6 63 62 59 
Ant 1
19 32 34 33 14 20 72 21 22 23 28 29 73 38 12 10 8 7 11 53 54 55 5 6 63 62 59 
Ant 2
19 20 72 18 16 39 38 12 10 8 7 11 53 4 3 1 2 57 56 54 55 5 6 63 62 59 
Ant 3
19 32 34 33 14 20 72 21 22 23 28 29 73 38 12 10 8 7 55 5 6 63 62 59 
component 7
Ant 0
23 28 29 73 10 12 11 53 4 3 1 2 57 56 54 55 7 13 65 6 63 62 59 
Ant 1
23 28 29 73 38 12 10 8 7 55 5 6 63 62 59 
Ant 2
23 28 29 73 38 12 10 8 7 55 5 6 63 62 59 
Ant 3
23 28 29 73 38 12 10 8 7 11 53 4 3 1 2 57 56 54 55 5 6 63 62 59 
Ant 0
26 25 35 24 23 28 29 73 38 12 10 8 7 55 5 6 63 62 59 
Ant 1
26 25 35 24 23 28 29 73 38 12 10 8 7 11 53 4 3 1 2 57 56 54 55 5 6 63 62 59 
Ant 2
26 29 73 38 12 10 8 7 11 53 4 3 1 2 57 56 54 55 5 6 63 62 59 
Ant 3
26 25 35 24 23 28 29 73 38 12 10 8 7 11 53 54 55 5 6 63 62 59 
Ant 0
28 29 73 10 8 7 55 5 6 63 62 59 
Ant 1
28 23 22 21 72 18 16 39 38 12 10 8 7 11 53 4 3 1 2 57 56 54 55 5 6 63 62 59 
Ant 2
28 29 73 10 8 7 13 65 6 63 62 59 
Ant 3
28 23 22 21 72 18 16 39 38 12 10 8 9 13 65 6 63 62 59 
component 8
Ant 0
30 31 29 73 38 12 10 8 7 13 65 6 63 62 59 
Ant 1
30 26 25 35 24 23 28 29 73 38 12 10 8 7 55 5 6 63 62 59 
Ant 2
30 31 29 73 10 8 7 11 53 4 3 1 2 57 56 54 55 5 6 63 62 59 
Ant 3
30 26 29 73 38 12 10 8 7 11 53 4 3 1 2 57 56 54 55 5 6 63 62 59 
component 9
Ant 0
40 42 15 16 39 38 12 11 53 4 3 1 2 57 56 54 55 5 6 63 62 59 
Ant 1
40 42 15 16 39 38 12 10 8 7 13 65 6 63 62 59 
Ant 2
40 42 15 16 39 38 73 10 12 11 53 4 3 1 2 57 56 54 55 5 6 63 62 59 
Ant 3
40 42 15 16 18 72 21 22 23 28 29 73 10 8 7 55 5 6 63 62 59 
Ant 0
42 40 17 19 32 34 33 14 20 72 21 22 23 28 29 73 38 12 10 8 7 11 53 54 55 5 6 63 62 59 
Ant 1
42 40 17 18 16 39 38 12 10 8 7 11 53 54 55 5 6 63 62 59 
Ant 2
42 15 16 39 38 12 11 53 54 55 5 6 63 62 59 
Ant 3
42 40 17 18 16 39 38 12 11 7 55 5 6 63 62 59 
component 10
Ant 0
44 15 16 39 38 12 11 53 54 55 5 6 63 62 59 
Ant 1
44 15 42 40 17 18 16 39 38 73 10 12 11 53 54 55 5 6 63 62 59 
Ant 2
44 15 42 40 17 18 16 39 38 12 10 8 7 11 53 54 55 5 6 63 62 59 
Ant 3
44 15 42 40 17 18 16 39 38 12 11 53 4 3 1 2 57 56 54 55 5 6 63 62 59 
updatePHEROMONES

ITERATION 1 HAS ENDED!

component 0
Ant 0
1 2 57 56 54 55 7 13 65 6 63 62 59 
Ant 1
1 3 4 53 11 7 55 5 6 63 62 59 
Ant 2
1 3 4 53 11 7 55 5 6 63 62 59 
Ant 3
1 3 4 53 11 7 55 5 6 63 62 59 
Ant 0
56 54 55 5 6 63 62 59 
Ant 1
56 57 2 1 3 4 53 11 7 55 5 6 63 62 59 
Ant 2
56 57 2 1 3 4 53 11 7 55 5 6 63 62 59 
Ant 3
56 54 55 7 13 65 6 63 62 59 
component 1
Ant 0
3 1 2 57 56 54 53 11 7 13 65 6 63 62 59 
Ant 1
3 1 2 57 56 54 55 5 6 63 62 59 
Ant 2
3 1 2 57 56 54 55 7 13 65 6 63 62 59 
Ant 3
3 1 2 57 56 54 55 7 13 65 6 63 62 59 
Ant 0
7 55 5 6 63 62 59 
Ant 1
7 55 5 6 63 62 59 
Ant 2
7 55 5 6 63 62 59 
Ant 3
7 55 5 6 63 62 59 
Ant 0
8 10 73 38 12 11 53 54 55 5 6 63 62 59 
Ant 1
8 7 13 65 6 63 62 59 
Ant 2
8 7 55 5 6 63 62 59 
Ant 3
8 7 55 5 6 63 62 59 
Ant 0
11 53 54 55 5 6 63 62 59 
Ant 1
11 53 4 3 1 2 57 56 54 55 5 6 63 62 59 
Ant 2
11 53 4 3 1 2 57 56 54 55 5 6 63 62 59 
Ant 3
11 53 54 55 5 6 63 62 59 
Ant 0
12 11 53 54 55 5 6 63 62 59 
Ant 1
12 10 8 7 55 5 6 63 62 59 
Ant 2
12 38 39 16 15 42 40 17 18 72 21 22 23 28 29 73 10 8 7 55 5 6 63 62 59 
Ant 3
12 11 53 4 3 1 2 57 56 54 55 5 6 63 62 59 
Ant 0
16 39 38 12 11 53 4 3 1 2 57 56 54 55 5 6 63 62 59 
Ant 1
16 15 42 40 17 19 32 34 33 14 20 72 21 22 23 28 29 73 38 12 10 8 7 11 53 4 3 1 2 57 56 54 55 5 6 63 62 59 
Ant 2
16 39 38 12 10 8 7 55 5 6 63 62 59 
Ant 3
16 39 38 12 11 53 4 3 1 2 57 56 54 55 5 6 63 62 59 
Ant 0
18 16 39 38 12 10 8 7 55 5 6 63 62 59 
Ant 1
18 16 39 38 12 10 8 7 11 53 4 3 1 2 57 56 54 55 5 6 63 62 59 
Ant 2
18 17 40 42 15 16 39 38 12 10 8 7 55 5 6 63 62 59 
Ant 3
18 16 39 38 12 10 8 7 55 5 6 63 62 59 
Ant 0
29 73 38 12 10 8 7 11 53 54 55 5 6 63 62 59 
Ant 1
29 73 38 12 10 8 7 55 5 6 63 62 59 
Ant 2
29 73 38 12 10 8 7 55 5 6 63 62 59 
Ant 3
29 73 38 12 11 53 4 3 1 2 57 56 54 55 5 6 63 62 59 
Ant 0
31 29 73 38 12 10 8 7 55 5 6 63 62 59 
Ant 1
31 29 73 10 8 7 55 5 6 63 62 59 
Ant 2
31 29 73 38 12 10 8 7 55 5 6 63 62 59 
Ant 3
31 29 73 10 8 7 13 65 6 63 62 59 
Ant 0
54 53 11 7 55 5 6 63 62 59 
Ant 1
54 55 5 6 63 62 59 
Ant 2
54 55 5 6 63 62 59 
Ant 3
54 53 11 7 55 5 6 63 62 59 
component 2
Ant 0
5 6 63 62 59 
Ant 1
5 6 63 62 59 
Ant 2
5 6 63 62 59 
Ant 3
5 6 63 62 59 
Ant 0
55 5 6 63 62 59 
Ant 1
55 5 6 63 62 59 
Ant 2
55 5 6 63 62 59 
Ant 3
55 5 6 63 62 59 
component 3
Ant 0
6 63 62 59 
Ant 1
6 63 62 59 
Ant 2
6 63 62 59 
Ant 3
6 63 62 59 
Ant 0
9 13 65 6 63 62 59 
Ant 1
9 13 7 55 5 6 63 62 59 
Ant 2
9 13 7 55 5 6 63 62 59 
Ant 3
9 13 65 6 63 62 59 
Ant 0
13 65 6 63 62 59 
Ant 1
13 65 6 63 62 59 
Ant 2
13 65 6 63 62 59 
Ant 3
13 9 8 10 12 11 53 54 55 5 6 63 62 59 
Ant 0
62 59 
Ant 1
62 59 
Ant 2
62 59 
Ant 3
62 59 
component 4
Ant 0
20 14 33 34 32 19 17 18 16 39 38 12 10 8 7 11 53 4 3 1 2 57 56 54 55 5 6 63 62 59 
Ant 1
20 14 33 34 32 19 17 40 42 15 16 39 38 12 11 53 54 55 5 6 63 62 59 
Ant 2
20 14 33 34 32 19 17 40 42 15 16 39 38 12 11 53 4 3 1 2 57 56 54 55 5 6 63 62 59 
Ant 3
20 19 17 18 16 39 38 12 10 8 7 55 5 6 63 62 59 
Ant 0
22 21 72 18 16 39 38 12 11 53 54 55 5 6 63 62 59 
Ant 1
22 23 28 29 73 38 12 10 8 7 55 5 6 63 62 59 
Ant 2
22 23 28 29 73 38 12 10 8 7 13 65 6 63 62 59 
Ant 3
22 23 28 29 73 38 12 10 8 7 55 5 6 63 62 59 
Ant 0
32 34 33 14 20 19 17 40 42 15 16 39 38 12 10 8 7 11 53 4 3 1 2 57 56 54 55 5 6 63 62 59 
Ant 1
32 34 33 14 20 19 17 18 16 39 38 12 10 8 7 55 5 6 63 62 59 
Ant 2
32 19 17 40 42 15 16 39 38 12 10 8 7 55 5 6 63 62 59 
Ant 3
32 19 17 40 42 15 16 39 38 73 10 12 11 53 54 55 5 6 63 62 59 
Ant 0
72 21 22 23 28 29 73 38 12 10 8 9 13 7 55 5 6 63 62 59 
Ant 1
72 21 22 23 28 29 73 10 8 7 11 53 54 55 5 6 63 62 59 
Ant 2
72 21 22 23 28 29 73 38 12 10 8 7 13 65 6 63 62 59 
Ant 3
72 21 22 23 28 29 73 10 12 11 53 4 3 1 2 57 56 54 55 5 6 63 62 59 
component 5
Ant 0
15 42 40 17 18 16 39 38 12 11 53 4 3 1 2 57 56 54 55 5 6 63 62 59 
Ant 1
15 42 40 17 18 16 39 38 12 11 53 4 3 1 2 57 56 54 55 5 6 63 62 59 
Ant 2
15 16 39 38 12 10 8 7 11 53 4 3 1 2 57 56 54 55 5 6 63 62 59 
Ant 3
15 42 40 17 18 16 39 38 12 10 8 7 55 5 6 63 62 59 
component 6
Ant 0
17 18 16 39 38 12 10 8 7 11 53 4 3 1 2 57 56 54 55 5 6 63 62 59 
Ant 1
17 40 42 15 16 39 38 12 10 8 7 55 5 6 63 62 59 
Ant 2
17 40 42 15 16 39 38 12 10 8 7 55 5 6 63 62 59 
Ant 3
17 19 32 34 33 14 20 72 21 22 23 28 29 73 38 12 10 8 7 11 53 54 55 5 6 63 62 59 
Ant 0
19 32 34 33 14 20 72 21 22 23 28 29 73 38 12 11 53 4 3 1 2 57 56 54 55 7 13 65 6 63 62 59 
Ant 1
19 32 34 33 14 20 72 21 22 23 28 29 73 38 12 10 8 7 11 53 54 55 5 6 63 62 59 
Ant 2
19 32 34 33 14 20 72 21 22 23 28 29 73 38 12 10 8 7 55 5 6 63 62 59 
Ant 3
19 32 34 33 14 20 72 21 22 23 28 29 73 38 12 10 8 7 13 65 6 63 62 59 
component 7
Ant 0
23 28 29 73 10 8 7 11 53 54 55 5 6 63 62 59 
Ant 1
23 28 29 73 38 12 11 53 54 55 5 6 63 62 59 
Ant 2
23 28 29 73 10 8 7 11 53 54 55 5 6 63 62 59 
Ant 3
23 28 29 73 38 12 10 8 7 55 5 6 63 62 59 
Ant 0
26 29 73 10 8 7 11 53 4 3 1 2 57 56 54 55 5 6 63 62 59 
Ant 1
26 29 73 38 12 10 8 7 11 53 54 55 5 6 63 62 59 
Ant 2
26 29 73 38 12 10 8 7 55 5 6 63 62 59 
Ant 3
26 29 28 23 22 21 72 18 17 40 42 15 16 39 38 12 11 53 4 3 1 2 57 56 54 55 7 13 65 6 63 62 59 
Ant 0
28 29 73 38 12 10 8 7 11 53 4 3 1 2 57 56 54 55 5 6 63 62 59 
Ant 1
28 23 22 21 72 18 16 39 38 12 11 53 4 3 1 2 57 56 54 55 5 6 63 62 59 
Ant 2
28 29 73 38 12 10 8 7 11 53 4 3 1 2 57 56 54 55 5 6 63 62 59 
Ant 3
28 23 22 21 72 18 16 39 38 12 10 8 7 13 65 6 63 62 59 
component 8
Ant 0
30 31 29 73 38 12 10 8 9 13 7 11 53 54 55 5 6 63 62 59 
Ant 1
30 31 29 73 38 12 10 8 7 55 5 6 63 62 59 
Ant 2
30 31 29 73 10 12 11 53 4 3 1 2 57 56 54 55 5 6 63 62 59 
Ant 3
30 31 29 73 38 12 11 53 54 55 5 6 63 62 59 
component 9
Ant 0
40 42 15 16 39 38 12 11 53 54 55 5 6 63 62 59 
Ant 1
40 42 15 16 39 38 12 10 8 7 11 53 4 3 1 2 57 56 54 55 5 6 63 62 59 
Ant 2
40 17 18 16 39 38 12 11 53 54 55 7 13 65 6 63 62 59 
Ant 3
40 42 15 16 39 38 12 11 53 54 55 5 6 63 62 59 
Ant 0
42 15 16 39 38 12 11 53 4 3 1 2 57 56 54 55 5 6 63 62 59 
Ant 1
42 15 16 39 38 12 10 8 7 11 53 4 3 1 2 57 56 54 55 5 6 63 62 59 
Ant 2
42 15 16 39 38 73 10 12 11 53 4 3 1 2 57 56 54 55 5 6 63 62 59 
Ant 3
42 15 16 39 38 12 10 8 7 55 5 6 63 62 59 
component 10
Ant 0
44 15 42 40 17 18 16 39 38 12 10 8 7 11 53 4 3 1 2 57 56 54 55 5 6 63 62 59 
Ant 1
44 15 42 40 17 18 16 39 38 12 10 8 7 55 5 6 63 62 59 
Ant 2
44 15 16 39 38 12 10 8 7 55 5 6 63 62 59 
Ant 3
44 15 42 40 17 19 32 34 33 14 20 72 21 22 23 28 29 73 38 12 10 8 7 55 5 6 63 62 59 
updatePHEROMONES

ITERATION 2 HAS ENDED!

component 0
Ant 0
1 2 57 56 54 53 11 7 55 5 6 63 62 59 
Ant 1
1 3 4 53 11 7 55 5 6 63 62 59 
Ant 2
1 2 57 56 54 55 5 6 63 62 59 
Ant 3
1 3 4 53 11 7 13 65 6 63 62 59 
Ant 0
56 54 53 11 7 55 5 6 63 62 59 
Ant 1
56 57 2 1 3 4 53 11 7 55 5 6 63 62 59 
Ant 2
56 54 55 7 13 65 6 63 62 59 
Ant 3
56 57 2 1 3 4 53 54 55 7 11 12 10 8 9 13 65 6 63 62 59 
component 1
Ant 0
3 4 53 11 7 55 5 6 63 62 59 
Ant 1
3 4 53 11 7 13 65 6 63 62 59 
Ant 2
3 1 2 57 56 54 55 7 13 65 6 63 62 59 
Ant 3
3 4 53 11 7 55 5 6 63 62 59 
Ant 0
7 11 53 54 55 5 6 63 62 59 
Ant 1
7 13 65 6 63 62 59 
Ant 2
7 11 53 4 3 1 2 57 56 54 55 5 6 63 62 59 
Ant 3
7 55 5 6 63 62 59 
Ant 0
8 7 11 53 54 55 5 6 63 62 59 
Ant 1
8 7 55 5 6 63 62 59 
Ant 2
8 7 55 5 6 63 62 59 
Ant 3
8 10 73 29 28 23 22 21 72 20 14 33 34 32 19 17 18 16 39 38 12 11 53 4 3 1 2 57 56 54 55 5 6 63 62 59 
Ant 0
11 53 4 3 1 2 57 56 54 55 7 13 65 6 63 62 59 
Ant 1
11 53 4 3 1 2 57 56 54 55 5 6 63 62 59 
Ant 2
11 53 54 55 5 6 63 62 59 
Ant 3
11 53 4 3 1 2 57 56 54 55 5 6 63 62 59 
Ant 0
12 10 8 7 55 5 6 63 62 59 
Ant 1
12 11 53 54 55 5 6 63 62 59 
Ant 2
12 10 8 7 11 53 54 55 5 6 63 62 59 
Ant 3
12 11 53 4 3 1 2 57 56 54 55 5 6 63 62 59 
Ant 0
16 39 38 12 10 8 7 55 5 6 63 62 59 
Ant 1
16 39 38 12 11 53 54 55 7 13 65 6 63 62 59 
Ant 2
16 39 38 12 10 8 7 11 53 54 55 5 6 63 62 59 
Ant 3
16 39 38 12 10 8 7 55 5 6 63 62 59 
Ant 0
18 16 39 38 12 10 8 7 55 5 6 63 62 59 
Ant 1
18 16 39 38 12 10 8 7 55 5 6 63 62 59 
Ant 2
18 16 39 38 12 10 8 7 11 53 4 3 1 2 57 56 54 55 5 6 63 62 59 
Ant 3
18 16 39 38 12 11 53 4 3 1 2 57 56 54 55 5 6 63 62 59 
Ant 0
29 73 10 8 7 13 65 6 63 62 59 
Ant 1
29 73 10 12 11 53 4 3 1 2 57 56 54 55 5 6 63 62 59 
Ant 2
29 73 10 12 11 53 4 3 1 2 57 56 54 55 7 13 65 6 63 62 59 
Ant 3
29 73 38 12 10 8 7 55 5 6 63 62 59 
Ant 0
31 29 73 10 8 7 55 5 6 63 62 59 
Ant 1
31 29 73 38 12 10 8 7 55 5 6 63 62 59 
Ant 2
31 29 73 38 12 10 8 7 55 5 6 63 62 59 
Ant 3
31 29 73 38 12 10 8 7 55 5 6 63 62 59 
Ant 0
54 55 5 6 63 62 59 
Ant 1
54 55 5 6 63 62 59 
Ant 2
54 55 5 6 63 62 59 
Ant 3
54 56 57 2 1 3 4 53 11 12 38 39 16 15 42 40 17 18 72 21 22 23 28 29 73 10 8 7 55 5 6 63 62 59 
component 2
Ant 0
5 55 7 13 65 6 63 62 59 
Ant 1
5 6 63 62 59 
Ant 2
5 55 7 13 65 6 63 62 59 
Ant 3
5 6 63 62 59 
Ant 0
55 5 6 63 62 59 
Ant 1
55 5 6 63 62 59 
Ant 2
55 5 6 63 62 59 
Ant 3
55 5 6 63 62 59 
component 3
Ant 0
6 63 62 59 
Ant 1
6 63 62 59 
Ant 2
6 63 62 59 
Ant 3
6 63 62 59 
Ant 0
9 13 65 6 63 62 59 
Ant 1
9 13 7 8 10 12 11 53 4 3 1 2 57 56 54 55 5 6 63 62 59 
Ant 2
9 13 65 6 63 62 59 
Ant 3
9 13 65 6 63 62 59 
Ant 0
13 65 6 63 62 59 
Ant 1
13 65 6 63 62 59 
Ant 2
13 7 55 5 6 63 62 59 
Ant 3
13 7 8 10 73 38 12 11 53 54 55 5 6 63 62 59 
Ant 0
62 59 
Ant 1
62 59 
Ant 2
62 59 
Ant 3
62 59 
component 4
Ant 0
20 14 33 34 32 19 17 18 16 39 38 12 11 53 4 3 1 2 57 56 54 55 5 6 63 62 59 
Ant 1
20 14 33 34 32 19 17 40 42 15 16 39 38 12 10 8 7 55 5 6 63 62 59 
Ant 2
20 14 33 34 32 19 17 18 16 39 38 12 11 53 4 3 1 2 57 56 54 55 5 6 63 62 59 
Ant 3
20 19 17 40 42 15 16 39 38 12 10 8 7 11 53 4 3 1 2 57 56 54 55 5 6 63 62 59 
Ant 0
22 23 28 29 73 38 12 11 53 54 55 5 6 63 62 59 
Ant 1
22 23 28 29 73 10 8 7 55 5 6 63 62 59 
Ant 2
22 23 28 29 73 38 12 10 8 7 55 5 6 63 62 59 
Ant 3
22 23 28 29 73 10 12 11 53 54 55 7 13 65 6 63 62 59 
Ant 0
32 34 33 14 20 19 17 40 42 15 16 39 38 12 10 8 7 55 5 6 63 62 59 
Ant 1
32 34 33 14 20 19 17 40 42 15 16 39 38 12 10 8 7 55 5 6 63 62 59 
Ant 2
32 34 33 14 20 19 17 40 42 15 16 39 38 12 10 8 7 11 53 4 3 1 2 57 56 54 55 5 6 63 62 59 
Ant 3
32 34 33 14 20 19 17 40 42 15 16 18 72 21 22 23 28 29 73 38 12 10 8 7 11 53 4 3 1 2 57 56 54 55 5 6 63 62 59 
Ant 0
72 21 22 23 28 29 73 10 8 7 11 53 4 3 1 2 57 56 54 55 5 6 63 62 59 
Ant 1
72 18 16 39 38 12 10 8 7 55 5 6 63 62 59 
Ant 2
72 18 16 39 38 12 10 8 7 55 5 6 63 62 59 
Ant 3
72 21 22 23 28 29 73 38 12 11 53 54 55 5 6 63 62 59 
component 5
Ant 0
15 42 40 17 18 16 39 38 12 11 53 54 55 7 13 65 6 63 62 59 
Ant 1
15 16 39 38 12 10 8 7 55 5 6 63 62 59 
Ant 2
15 42 40 17 18 16 39 38 12 11 53 54 55 5 6 63 62 59 
Ant 3
15 42 40 17 19 32 34 33 14 20 72 18 16 39 38 12 10 8 7 55 5 6 63 62 59 
component 6
Ant 0
17 40 42 15 16 39 38 12 10 8 7 55 5 6 63 62 59 
Ant 1
17 19 32 34 33 14 20 72 21 22 23 28 29 73 38 12 10 8 7 11 53 4 3 1 2 57 56 54 55 5 6 63 62 59 
Ant 2
17 18 16 39 38 12 11 53 54 55 5 6 63 62 59 
Ant 3
17 18 16 39 38 12 10 8 7 11 53 4 3 1 2 57 56 54 55 5 6 63 62 59 
Ant 0
19 32 34 33 14 20 72 21 22 23 28 29 73 10 12 11 53 4 3 1 2 57 56 54 55 5 6 63 62 59 
Ant 1
19 32 34 33 14 20 72 21 22 23 28 29 73 10 8 7 11 53 54 55 5 6 63 62 59 
Ant 2
19 32 34 33 14 20 72 21 22 23 28 29 73 38 12 10 8 7 13 65 6 63 62 59 
Ant 3
19 32 34 33 14 20 72 18 16 39 38 12 10 8 7 55 5 6 63 62 59 
component 7
Ant 0
23 28 29 73 38 12 11 53 4 3 1 2 57 56 54 55 5 6 63 62 59 
Ant 1
23 28 29 73 38 12 10 8 7 13 65 6 63 62 59 
Ant 2
23 28 29 73 38 12 10 8 7 55 5 6 63 62 59 
Ant 3
23 28 29 73 10 12 11 53 4 3 1 2 57 56 54 55 7 13 65 6 63 62 59 
Ant 0
26 25 35 24 23 28 29 73 10 12 11 53 4 3 1 2 57 56 54 55 7 13 65 6 63 62 59 
Ant 1
26 29 73 38 12 10 8 7 11 53 4 3 1 2 57 56 54 55 5 6 63 62 59 
Ant 2
26 25 35 24 23 28 29 73 38 12 10 8 7 55 5 6 63 62 59 
Ant 3
26 29 73 38 12 11 53 4 3 1 2 57 56 54 55 7 13 65 6 63 62 59 
Ant 0
28 23 22 21 72 18 16 39 38 12 10 8 7 11 53 4 3 1 2 57 56 54 55 5 6 63 62 59 
Ant 1
28 23 22 21 72 18 16 39 38 12 11 53 4 3 1 2 57 56 54 55 5 6 63 62 59 
Ant 2
28 23 22 21 72 18 16 39 38 12 10 8 7 55 5 6 63 62 59 
Ant 3
28 23 22 21 72 18 16 39 38 12 10 8 7 55 5 6 63 62 59 
component 8
Ant 0
30 31 29 73 38 12 10 8 7 13 65 6 63 62 59 
Ant 1
30 31 29 73 38 12 10 8 7 11 53 4 3 1 2 57 56 54 55 5 6 63 62 59 
Ant 2
30 31 29 73 38 12 11 53 4 3 1 2 57 56 54 55 5 6 63 62 59 
Ant 3
30 31 29 73 38 12 10 8 7 11 53 4 3 1 2 57 56 54 55 5 6 63 62 59 
component 9
Ant 0
40 42 15 16 39 38 12 11 53 4 3 1 2 57 56 54 55 5 6 63 62 59 
Ant 1
40 42 15 16 18 17 19 32 34 33 14 20 72 21 22 23 28 29 73 38 12 10 8 7 11 53 4 3 1 2 57 56 54 55 5 6 63 62 59 
Ant 2
40 42 15 16 39 38 73 10 12 11 53 4 3 1 2 57 56 54 55 7 8 9 13 65 6 63 62 59 
Ant 3
40 42 15 16 39 38 12 10 8 7 13 65 6 63 62 59 
Ant 0
42 15 16 39 38 12 11 53 4 3 1 2 57 56 54 55 5 6 63 62 59 
Ant 1
42 15 16 39 38 12 10 8 7 13 65 6 63 62 59 
Ant 2
42 15 16 39 38 12 10 8 7 55 5 6 63 62 59 
Ant 3
42 40 17 18 16 39 38 12 10 8 7 11 53 4 3 1 2 57 56 54 55 5 6 63 62 59 
component 10
Ant 0
44 15 42 40 17 18 16 39 38 12 10 8 7 11 53 4 3 1 2 57 56 54 55 5 6 63 62 59 
Ant 1
44 15 42 40 17 18 16 39 38 12 10 8 7 11 53 4 3 1 2 57 56 54 55 5 6 63 62 59 
Ant 2
44 15 42 40 17 18 16 39 38 12 11 53 4 3 1 2 57 56 54 55 7 13 65 6 63 62 59 
Ant 3
44 15 42 40 17 19 32 34 33 14 20 72 21 22 23 28 29 73 10 8 7 55 5 6 63 62 59 
updatePHEROMONES

ITERATION 3 HAS ENDED!

component 0
Ant 0
1 3 4 53 11 7 55 5 6 63 62 59 
Ant 1
1 2 57 56 54 55 5 6 63 62 59 
Ant 2
1 2 57 56 54 55 5 6 63 62 59 
Ant 3
1 2 57 56 54 53 11 7 55 5 6 63 62 59 
Ant 0
56 54 55 5 6 63 62 59 
Ant 1
56 57 2 1 3 4 53 11 7 55 5 6 63 62 59 
Ant 2
56 57 2 1 3 4 53 11 7 13 65 6 63 62 59 
Ant 3
56 57 2 1 3 4 53 11 7 55 5 6 63 62 59 
component 1
Ant 0
3 4 53 11 7 55 5 6 63 62 59 
Ant 1
3 4 53 11 7 55 5 6 63 62 59 
Ant 2
3 1 2 57 56 54 53 11 12 10 8 7 55 5 6 63 62 59 
Ant 3
3 4 53 11 7 55 5 6 63 62 59 
Ant 0
7 11 53 54 55 5 6 63 62 59 
Ant 1
7 8 10 73 29 28 23 22 21 72 18 16 39 38 12 11 53 54 55 5 6 63 62 59 
Ant 2
7 55 54 53 11 12 10 8 9 13 65 6 63 62 59 
Ant 3
7 8 10 73 29 28 23 22 21 72 18 16 39 38 12 11 53 4 3 1 2 57 56 54 55 5 6 63 62 59 
Ant 0
8 7 11 53 54 55 5 6 63 62 59 
Ant 1
8 7 55 5 6 63 62 59 
Ant 2
8 7 55 5 6 63 62 59 
Ant 3
8 7 13 65 6 63 62 59 
Ant 0
11 53 4 3 1 2 57 56 54 55 5 6 63 62 59 
Ant 1
11 53 4 3 1 2 57 56 54 55 5 6 63 62 59 
Ant 2
11 53 54 55 5 6 63 62 59 
Ant 3
11 53 4 3 1 2 57 56 54 55 5 6 63 62 59 
Ant 0
12 10 8 7 55 5 6 63 62 59 
Ant 1
12 38 39 16 15 42 40 17 18 72 21 22 23 28 29 73 10 8 7 11 53 4 3 1 2 57 56 54 55 5 6 63 62 59 
Ant 2
12 10 8 7 13 65 6 63 62 59 
Ant 3
12 10 8 7 55 5 6 63 62 59 
Ant 0
16 18 17 19 32 34 33 14 20 72 21 22 23 28 29 73 10 8 7 11 53 4 3 1 2 57 56 54 55 5 6 63 62 59 
Ant 1
16 39 38 12 10 8 7 55 5 6 63 62 59 
Ant 2
16 18 72 21 22 23 28 29 73 10 12 11 53 54 55 7 8 9 13 65 6 63 62 59 
Ant 3
16 39 38 12 10 8 7 11 53 54 55 5 6 63 62 59 
Ant 0
18 16 39 38 12 11 53 4 3 1 2 57 56 54 55 5 6 63 62 59 
Ant 1
18 16 39 38 12 10 8 7 11 53 54 55 5 6 63 62 59 
Ant 2
18 16 39 38 12 10 8 7 55 5 6 63 62 59 
Ant 3
18 16 39 38 12 10 8 7 11 53 4 3 1 2 57 56 54 55 5 6 63 62 59 
Ant 0
29 73 10 8 7 11 53 4 3 1 2 57 56 54 55 5 6 63 62 59 
Ant 1
29 28 23 22 21 72 18 16 39 38 12 10 8 7 55 5 6 63 62 59 
Ant 2
29 73 10 8 7 55 5 6 63 62 59 
Ant 3
29 28 23 22 21 72 18 16 39 38 12 11 53 4 3 1 2 57 56 54 55 5 6 63 62 59 
Ant 0
31 29 73 38 12 10 8 7 55 5 6 63 62 59 
Ant 1
31 29 73 38 12 10 8 7 11 53 4 3 1 2 57 56 54 55 5 6 63 62 59 
Ant 2
31 29 73 38 12 10 8 7 11 53 54 55 5 6 63 62 59 
Ant 3
31 29 73 38 12 10 8 7 55 5 6 63 62 59 
Ant 0
54 56 57 2 1 3 4 53 11 12 38 39 16 15 42 40 17 19 32 34 33 14 20 72 21 22 23 28 29 73 10 8 7 55 5 6 63 62 59 
Ant 1
54 55 5 6 63 62 59 
Ant 2
54 55 5 6 63 62 59 
Ant 3
54 55 5 6 63 62 59 
component 2
Ant 0
5 6 63 62 59 
Ant 1
5 6 63 62 59 
Ant 2
5 6 63 62 59 
Ant 3
5 55 54 56 57 2 1 3 4 53 11 7 13 65 6 63 62 59 
Ant 0
55 5 6 63 62 59 
Ant 1
55 7 13 65 6 63 62 59 
Ant 2
55 5 6 63 62 59 
Ant 3
55 5 6 63 62 59 
component 3
Ant 0
6 63 62 59 
Ant 1
6 63 62 59 
Ant 2
6 63 62 59 
Ant 3
6 63 62 59 
Ant 0
9 13 65 6 63 62 59 
Ant 1
9 13 65 6 63 62 59 
Ant 2
9 13 65 6 63 62 59 
Ant 3
9 13 7 55 5 6 63 62 59 
Ant 0
13 7 55 5 6 63 62 59 
Ant 1
13 7 55 5 6 63 62 59 
Ant 2
13 7 55 5 6 63 62 59 
Ant 3
13 9 8 7 55 5 6 63 62 59 
Ant 0
62 59 
Ant 1
62 59 
Ant 2
62 59 
Ant 3
62 59 
component 4
Ant 0
20 14 33 34 32 19 17 18 16 39 38 12 10 8 7 55 5 6 63 62 59 
Ant 1
20 14 33 34 32 19 17 18 16 39 38 12 11 53 54 55 7 13 65 6 63 62 59 
Ant 2
20 14 33 34 32 19 17 40 42 15 16 39 38 12 10 8 7 11 53 54 55 5 6 63 62 59 
Ant 3
20 14 33 34 32 19 17 40 42 15 16 39 38 12 10 8 7 55 5 6 63 62 59 
Ant 0
22 23 28 29 73 10 8 7 11 53 4 3 1 2 57 56 54 55 5 6 63 62 59 
Ant 1
22 23 28 29 73 38 12 10 8 7 13 65 6 63 62 59 
Ant 2
22 23 28 29 73 38 12 11 53 54 55 5 6 63 62 59 
Ant 3
22 23 28 29 73 38 12 10 8 7 55 5 6 63 62 59 
Ant 0
32 34 33 14 20 19 17 18 72 21 22 23 28 29 73 38 12 10 8 7 55 5 6 63 62 59 
Ant 1
32 34 33 14 20 19 17 40 42 15 16 39 38 12 10 8 7 11 53 4 3 1 2 57 56 54 55 5 6 63 62 59 
Ant 2
32 34 33 14 20 19 17 40 42 15 16 39 38 12 10 8 7 11 53 4 3 1 2 57 56 54 55 5 6 63 62 59 
Ant 3
32 19 17 40 42 15 16 39 38 12 10 8 7 11 53 54 55 5 6 63 62 59 
Ant 0
72 21 22 23 28 29 73 38 12 10 8 7 55 5 6 63 62 59 
Ant 1
72 21 22 23 28 29 73 10 8 7 55 5 6 63 62 59 
Ant 2
72 21 22 23 28 29 73 38 12 10 8 7 55 5 6 63 62 59 
Ant 3
72 21 22 23 28 29 73 38 12 10 8 7 11 53 4 3 1 2 57 56 54 55 5 6 63 62 59 
component 5
Ant 0
15 42 40 17 19 32 34 33 14 20 72 18 16 39 38 12 10 8 7 55 5 6 63 62 59 
Ant 1
15 42 40 17 18 72 21 22 23 28 29 73 38 12 10 8 7 11 53 4 3 1 2 57 56 54 55 5 6 63 62 59 
Ant 2
15 42 40 17 18 16 39 38 12 11 53 54 55 5 6 63 62 59 
Ant 3
15 42 40 17 19 32 34 33 14 20 72 21 22 23 28 29 73 38 12 10 8 7 55 5 6 63 62 59 
component 6
Ant 0
17 18 16 39 38 12 10 8 7 11 53 4 3 1 2 57 56 54 55 5 6 63 62 59 
Ant 1
17 18 16 39 38 12 10 8 7 11 53 4 3 1 2 57 56 54 55 5 6 63 62 59 
Ant 2
17 18 16 39 38 12 10 8 7 55 5 6 63 62 59 
Ant 3
17 19 32 34 33 14 20 72 21 22 23 28 29 73 10 8 7 55 5 6 63 62 59 
Ant 0
19 32 34 33 14 20 72 18 17 40 42 15 16 39 38 12 11 53 54 55 5 6 63 62 59 
Ant 1
19 32 34 33 14 20 72 21 22 23 28 29 73 38 12 10 8 7 11 53 54 55 5 6 63 62 59 
Ant 2
19 32 34 33 14 20 72 21 22 23 28 29 73 38 12 10 8 7 55 5 6 63 62 59 
Ant 3
19 32 34 33 14 20 72 18 16 39 38 12 10 8 7 13 65 6 63 62 59 
component 7
Ant 0
23 28 29 73 38 12 10 8 7 11 53 4 3 1 2 57 56 54 55 5 6 63 62 59 
Ant 1
23 28 29 73 38 12 10 8 9 13 7 11 53 4 3 1 2 57 56 54 55 5 6 63 62 59 
Ant 2
23 22 21 72 18 16 39 38 12 10 8 7 13 65 6 63 62 59 
Ant 3
23 28 29 73 38 12 10 8 7 55 5 6 63 62 59 
Ant 0
26 29 73 10 12 11 53 4 3 1 2 57 56 54 55 5 6 63 62 59 
Ant 1
26 25 35 24 23 28 29 73 38 12 10 8 7 55 5 6 63 62 59 
Ant 2
26 25 35 24 23 28 29 73 38 12 10 8 7 55 5 6 63 62 59 
Ant 3
26 25 35 24 23 28 29 73 38 12 10 8 7 11 53 4 3 1 2 57 56 54 55 5 6 63 62 59 
Ant 0
28 23 22 21 72 18 16 39 38 12 11 53 4 3 1 2 57 56 54 55 5 6 63 62 59 
Ant 1
28 29 73 38 12 10 8 7 55 5 6 63 62 59 
Ant 2
28 23 22 21 72 18 16 39 38 12 10 8 7 55 5 6 63 62 59 
Ant 3
28 29 73 38 12 11 53 4 3 1 2 57 56 54 55 5 6 63 62 59 
component 8
Ant 0
30 26 25 35 24 23 28 29 73 38 12 11 53 4 3 1 2 57 56 54 55 7 13 65 6 63 62 59 
Ant 1
30 31 29 73 10 12 11 53 4 3 1 2 57 56 54 55 5 6 63 62 59 
Ant 2
30 26 25 35 24 23 28 29 73 10 12 11 53 4 3 1 2 57 56 54 55 5 6 63 62 59 
Ant 3
30 26 29 73 10 8 7 11 53 54 55 5 6 63 62 59 
component 9
Ant 0
40 42 15 16 39 38 12 10 8 7 11 53 4 3 1 2 57 56 54 55 5 6 63 62 59 
Ant 1
40 42 15 16 39 38 12 10 8 7 55 5 6 63 62 59 
Ant 2
40 17 18 72 21 22 23 28 29 73 38 12 10 8 7 55 5 6 63 62 59 
Ant 3
40 42 15 16 39 38 12 10 8 7 11 53 4 3 1 2 57 56 54 55 5 6 63 62 59 
Ant 0
42 15 16 39 38 12 10 8 7 55 5 6 63 62 59 
Ant 1
42 15 16 39 38 12 11 53 4 3 1 2 57 56 54 55 5 6 63 62 59 
Ant 2
42 15 16 39 38 12 10 8 7 55 5 6 63 62 59 
Ant 3
42 40 17 18 16 39 38 12 10 8 7 11 53 54 55 5 6 63 62 59 
component 10
Ant 0
44 15 42 40 17 18 16 39 38 12 11 53 4 3 1 2 57 56 54 55 5 6 63 62 59 
Ant 1
44 15 16 39 38 12 10 8 7 55 5 6 63 62 59 
Ant 2
44 15 42 40 17 18 16 39 38 12 10 8 7 11 53 4 3 1 2 57 56 54 55 5 6 63 62 59 
Ant 3
44 15 16 39 38 12 11 53 4 3 1 2 57 56 54 55 5 6 63 62 59 
updatePHEROMONES

ITERATION 4 HAS ENDED!

component 0
Ant 0
1 2 57 56 54 55 5 6 63 62 59 
Ant 1
1 3 4 53 11 12 38 39 16 15 42 40 17 19 32 34 33 14 20 72 21 22 23 28 29 73 10 8 7 55 5 6 63 62 59 
Ant 2
1 3 4 53 11 12 10 8 7 55 5 6 63 62 59 
Ant 3
1 3 4 53 11 7 13 65 6 63 62 59 
Ant 0
56 57 2 1 3 4 53 11 7 55 5 6 63 62 59 
Ant 1
56 57 2 1 3 4 53 11 7 55 5 6 63 62 59 
Ant 2
56 57 2 1 3 4 53 11 7 55 5 6 63 62 59 
Ant 3
56 54 55 5 6 63 62 59 
component 1
Ant 0
3 1 2 57 56 54 55 5 6 63 62 59 
Ant 1
3 1 2 57 56 54 55 7 13 65 6 63 62 59 
Ant 2
3 1 2 57 56 54 55 5 6 63 62 59 
Ant 3
3 1 2 57 56 54 55 5 6 63 62 59 
Ant 0
7 55 5 6 63 62 59 
Ant 1
7 11 53 4 3 1 2 57 56 54 55 5 6 63 62 59 
Ant 2
7 55 5 6 63 62 59 
Ant 3
7 55 5 6 63 62 59 
Ant 0
8 7 11 53 4 3 1 2 57 56 54 55 5 6 63 62 59 
Ant 1
8 7 11 53 4 3 1 2 57 56 54 55 5 6 63 62 59 
Ant 2
8 7 11 53 4 3 1 2 57 56 54 55 5 6 63 62 59 
Ant 3
8 7 11 53 4 3 1 2 57 56 54 55 5 6 63 62 59 
Ant 0
11 53 54 55 5 6 63 62 59 
Ant 1
11 53 4 3 1 2 57 56 54 55 5 6 63 62 59 
Ant 2
11 53 4 3 1 2 57 56 54 55 7 13 65 6 63 62 59 
Ant 3
11 53 4 3 1 2 57 56 54 55 5 6 63 62 59 
Ant 0
12 10 8 7 11 53 4 3 1 2 57 56 54 55 5 6 63 62 59 
Ant 1
12 10 8 7 13 65 6 63 62 59 
Ant 2
12 38 39 16 15 42 40 17 19 32 34 33 14 20 72 21 22 23 28 29 73 10 8 7 13 65 6 63 62 59 
Ant 3
12 38 39 16 18 17 19 32 34 33 14 20 72 21 22 23 28 29 73 10 8 7 11 53 54 55 5 6 63 62 59 
Ant 0
16 39 38 12 10 8 7 13 65 6 63 62 59 
Ant 1
16 39 38 12 10 8 7 11 53 54 55 5 6 63 62 59 
Ant 2
16 39 38 12 10 8 7 11 53 4 3 1 2 57 56 54 55 5 6 63 62 59 
Ant 3
16 39 38 12 10 8 7 13 65 6 63 62 59 
Ant 0
18 16 39 38 12 10 8 7 11 53 4 3 1 2 57 56 54 55 5 6 63 62 59 
Ant 1
18 16 15 42 40 17 19 32 34 33 14 20 72 21 22 23 28 29 73 38 12 10 8 7 55 5 6 63 62 59 
Ant 2
18 16 39 38 12 11 53 4 3 1 2 57 56 54 55 5 6 63 62 59 
Ant 3
18 16 39 38 12 10 8 7 11 53 54 55 5 6 63 62 59 
Ant 0
29 73 38 12 10 8 7 11 53 4 3 1 2 57 56 54 55 5 6 63 62 59 
Ant 1
29 28 23 22 21 72 18 16 39 38 73 10 12 11 53 4 3 1 2 57 56 54 55 5 6 63 62 59 
Ant 2
29 73 38 12 10 8 7 55 5 6 63 62 59 
Ant 3
29 73 10 8 7 13 65 6 63 62 59 
Ant 0
31 29 73 10 8 7 11 53 4 3 1 2 57 56 54 55 5 6 63 62 59 
Ant 1
31 29 73 10 8 7 55 5 6 63 62 59 
Ant 2
31 29 73 38 12 10 8 7 55 5 6 63 62 59 
Ant 3
31 29 73 10 8 7 11 53 4 3 1 2 57 56 54 55 5 6 63 62 59 
Ant 0
54 53 11 7 55 5 6 63 62 59 
Ant 1
54 55 5 6 63 62 59 
Ant 2
54 56 57 2 1 3 4 53 11 7 55 5 6 63 62 59 
Ant 3
54 55 7 13 65 6 63 62 59 
component 2
Ant 0
5 6 63 62 59 
Ant 1
5 6 63 62 59 
Ant 2
5 55 54 56 57 2 1 3 4 53 11 7 13 65 6 63 62 59 
Ant 3
5 6 63 62 59 
Ant 0
55 54 53 11 12 10 8 7 13 65 6 63 62 59 
Ant 1
55 5 6 63 62 59 
Ant 2
55 54 53 11 7 13 65 6 63 62 59 
Ant 3
55 5 6 63 62 59 
component 3
Ant 0
6 63 62 59 
Ant 1
6 63 62 59 
Ant 2
6 63 62 59 
Ant 3
6 63 62 59 
Ant 0
9 13 65 6 63 62 59 
Ant 1
9 13 65 6 63 62 59 
Ant 2
9 13 65 6 63 62 59 
Ant 3
9 13 65 6 63 62 59 
Ant 0
13 65 6 63 62 59 
Ant 1
13 65 6 63 62 59 
Ant 2
13 7 11 53 4 3 1 2 57 56 54 55 5 6 63 62 59 
Ant 3
13 9 8 7 11 53 4 3 1 2 57 56 54 55 5 6 63 62 59 
Ant 0
62 59 
Ant 1
62 59 
Ant 2
62 59 
Ant 3
62 59 
component 4
Ant 0
20 14 33 34 32 19 17 40 42 15 16 39 38 12 11 53 4 3 1 2 57 56 54 55 5 6 63 62 59 
Ant 1
20 14 33 34 32 19 17 18 16 39 38 12 11 53 54 55 5 6 63 62 59 
Ant 2
20 14 33 34 32 19 17 18 72 21 22 23 28 29 73 10 8 7 55 5 6 63 62 59 
Ant 3
20 14 33 34 32 19 17 40 42 15 16 39 38 12 10 8 7 55 5 6 63 62 59 
Ant 0
22 23 28 29 73 38 12 11 53 4 3 1 2 57 56 54 55 5 6 63 62 59 
Ant 1
22 23 28 29 73 38 12 11 53 54 55 5 6 63 62 59 
Ant 2
22 23 28 29 73 38 12 10 8 7 11 53 4 3 1 2 57 56 54 55 5 6 63 62 59 
Ant 3
22 23 28 29 73 38 12 11 53 4 3 1 2 57 56 54 55 5 6 63 62 59 
Ant 0
32 34 33 14 20 19 17 18 16 39 38 12 10 8 7 55 5 6 63 62 59 
Ant 1
32 34 33 14 20 19 17 18 16 39 38 12 10 8 7 55 5 6 63 62 59 
Ant 2
32 34 33 14 20 19 17 40 42 15 16 39 38 12 10 8 7 55 5 6 63 62 59 
Ant 3
32 19 17 40 42 15 16 39 38 12 10 8 7 55 5 6 63 62 59 
Ant 0
72 21 22 23 28 29 73 38 12 10 8 7 55 5 6 63 62 59 
Ant 1
72 21 22 23 28 29 73 38 12 10 8 7 11 53 54 55 5 6 63 62 59 
Ant 2
72 21 22 23 28 29 73 10 8 7 55 5 6 63 62 59 
Ant 3
72 18 16 39 38 12 11 53 4 3 1 2 57 56 54 55 5 6 63 62 59 
component 5
Ant 0
15 16 39 38 12 10 8 7 11 53 4 3 1 2 57 56 54 55 5 6 63 62 59 
Ant 1
15 16 39 38 12 11 53 4 3 1 2 57 56 54 55 5 6 63 62 59 
Ant 2
15 42 40 17 18 16 39 38 12 10 8 7 13 65 6 63 62 59 
Ant 3
15 42 40 17 18 16 39 38 12 11 53 4 3 1 2 57 56 54 55 5 6 63 62 59 
component 6
Ant 0
17 19 32 34 33 14 20 72 21 22 23 28 29 73 38 12 11 53 4 3 1 2 57 56 54 55 5 6 63 62 59 
Ant 1
17 40 42 15 16 39 38 12 11 53 4 3 1 2 57 56 54 55 5 6 63 62 59 
Ant 2
17 19 32 34 33 14 20 72 18 16 39 38 12 11 53 54 55 5 6 63 62 59 
Ant 3
17 40 42 15 16 39 38 12 11 53 54 55 5 6 63 62 59 
Ant 0
19 17 40 42 15 16 39 38 12 11 53 4 3 1 2 57 56 54 55 7 13 65 6 63 62 59 
Ant 1
19 32 34 33 14 20 72 21 22 23 28 29 73 10 8 7 11 53 4 3 1 2 57 56 54 55 5 6 63 62 59 
Ant 2
19 32 34 33 14 20 72 21 22 23 28 29 73 38 12 10 8 7 11 53 4 3 1 2 57 56 54 55 5 6 63 62 59 
Ant 3
19 32 34 33 14 20 72 21 22 23 28 29 73 38 12 10 8 7 55 5 6 63 62 59 
component 7
Ant 0
23 28 29 73 38 12 10 8 7 55 5 6 63 62 59 
Ant 1
23 22 21 72 18 16 39 38 12 10 8 7 55 5 6 63 62 59 
Ant 2
23 28 29 73 38 12 10 8 7 55 5 6 63 62 59 
Ant 3
23 28 29 73 10 8 7 11 53 4 3 1 2 57 56 54 55 5 6 63 62 59 
Ant 0
26 29 73 38 12 10 8 7 55 5 6 63 62 59 
Ant 1
26 25 35 24 23 28 29 73 38 12 10 8 7 55 5 6 63 62 59 
Ant 2
26 25 35 24 23 28 29 73 10 8 7 11 53 54 55 5 6 63 62 59 
Ant 3
26 25 35 24 23 28 29 73 38 12 10 8 7 55 5 6 63 62 59 
Ant 0
28 23 22 21 72 18 16 39 38 12 10 8 7 55 5 6 63 62 59 
Ant 1
28 23 22 21 72 18 17 40 42 15 16 39 38 12 10 8 7 11 53 4 3 1 2 57 56 54 55 5 6 63 62 59 
Ant 2
28 23 22 21 72 18 16 39 38 12 10 8 7 11 53 4 3 1 2 57 56 54 55 5 6 63 62 59 
Ant 3
28 23 22 21 72 18 16 39 38 12 11 53 4 3 1 2 57 56 54 55 5 6 63 62 59 
component 8
Ant 0
30 26 29 28 23 22 21 72 18 17 40 42 15 16 39 38 12 10 8 7 13 65 6 63 62 59 
Ant 1
30 31 29 73 38 12 10 8 7 11 53 4 3 1 2 57 56 54 55 5 6 63 62 59 
Ant 2
30 26 25 35 24 23 28 29 73 38 12 11 53 4 3 1 2 57 56 54 55 5 6 63 62 59 
Ant 3
30 26 29 73 38 12 10 8 7 13 65 6 63 62 59 
component 9
Ant 0
40 42 15 16 39 38 12 11 53 4 3 1 2 57 56 54 55 5 6 63 62 59 
Ant 1
40 42 15 16 39 38 12 10 8 7 55 5 6 63 62 59 
Ant 2
40 42 15 16 39 38 12 11 53 4 3 1 2 57 56 54 55 5 6 63 62 59 
Ant 3
40 42 15 16 39 38 12 10 8 7 11 53 4 3 1 2 57 56 54 55 5 6 63 62 59 
Ant 0
42 15 16 39 38 12 10 8 7 55 5 6 63 62 59 
Ant 1
42 40 17 18 72 21 22 23 28 29 73 38 12 11 53 4 3 1 2 57 56 54 55 7 13 65 6 63 62 59 
Ant 2
42 15 16 39 38 12 10 8 7 11 53 4 3 1 2 57 56 54 55 5 6 63 62 59 
Ant 3
42 15 16 39 38 12 11 53 4 3 1 2 57 56 54 55 5 6 63 62 59 
component 10
Ant 0
44 15 42 40 17 18 16 39 38 12 11 53 4 3 1 2 57 56 54 55 5 6 63 62 59 
Ant 1
44 15 42 40 17 18 16 39 38 12 10 8 7 11 53 4 3 1 2 57 56 54 55 5 6 63 62 59 
Ant 2
44 15 16 39 38 12 10 8 7 11 53 4 3 1 2 57 56 54 55 5 6 63 62 59 
Ant 3
44 15 16 39 38 12 10 8 7 11 53 4 3 1 2 57 56 54 55 5 6 63 62 59 
updatePHEROMONES

ITERATION 5 HAS ENDED!

finish
