component 0
828 3 2 6 5 9 10 15 
component 1
478 3 12 13 24 21 22 15 
component 2
730 2 18 16 17 19 20 21 22 15 
component 3
324 2 9 10 15 
component 4
1440 4 13 12 11 10 9 5 6 8 16 17 19 15 
0 4 4 2 4 
828 3 2 6 5 9 10 15 
730 2 18 16 17 19 20 21 22 15 
1440 4 13 12 11 10 9 5 6 8 16 17 19 15 
component 0
828 3 2 6 5 9 10 15 
component 1
478 3 12 13 24 21 22 15 
component 2
360 2 18 16 17 19 15 
component 3
504 2 9 10 16 17 19 15 
component 4
370 2 13 24 21 22 15 
0 1 4 2 3 
828 3 2 6 5 9 10 15 
478 3 12 13 24 21 22 15 
360 2 18 16 17 19 15 
504 2 9 10 16 17 19 15 
370 2 13 24 21 22 15 
component 0
828 3 2 6 5 9 10 15 
component 1
478 3 12 13 24 21 22 15 
component 2
360 2 18 16 17 19 15 
component 3
324 2 9 10 15 
component 4
370 2 13 24 21 22 15 
0 1 4 2 3 
828 3 2 6 5 9 10 15 
478 3 12 13 24 21 22 15 
360 2 18 16 17 19 15 
324 2 9 10 15 
370 2 13 24 21 22 15 
component 0
792 3 2 6 8 7 18 16 17 19 15 
component 1
478 3 12 13 24 21 22 15 
component 2
360 2 18 16 17 19 15 
component 3
504 2 9 10 16 17 19 15 
component 4
370 2 13 24 21 22 15 
0 1 4 2 3 
792 3 2 6 8 7 18 16 17 19 15 
478 3 12 13 24 21 22 15 
360 2 18 16 17 19 15 
504 2 9 10 16 17 19 15 
370 2 13 24 21 22 15 
component 0
792 3 2 6 8 7 18 16 17 19 15 
component 1
478 3 12 13 24 21 22 15 
component 2
360 2 18 16 17 19 15 
component 3
324 2 9 10 15 
component 4
370 2 13 24 21 22 15 
0 1 4 2 3 
792 3 2 6 8 7 18 16 17 19 15 
478 3 12 13 24 21 22 15 
360 2 18 16 17 19 15 
324 2 9 10 15 
370 2 13 24 21 22 15 
