component 0
1 2 
component 1
3 12 
component 2
7 18 
component 3
9 
component 4
13 
component 0
Ant 0
1 2 6 8 7 18 16 17 10 9 5 4 11 14 15 
Ant 1
1 2 6 5 4 11 14 15 
Ant 2
1 2 6 8 7 18 16 17 19 15 
Ant 3
1 3 12 13 24 23 14 11 10 15 
Ant 0
2 1 3 4 5 9 10 17 19 20 21 22 15 
Ant 1
2 6 5 9 10 15 
Ant 2
2 6 8 7 18 16 17 10 15 
Ant 3
2 6 8 7 18 16 17 19 20 21 22 15 
component 1
Ant 0
3 4 5 6 8 9 10 11 12 13 24 21 22 15 
Ant 1
3 12 13 24 21 22 15 
Ant 2
3 4 5 6 8 7 18 16 17 19 20 21 22 15 
Ant 3
3 12 13 24 21 22 15 
Ant 0
12 13 24 21 22 15 
Ant 1
12 3 4 11 10 15 
Ant 2
12 3 1 2 6 8 7 18 16 10 9 5 4 11 14 23 22 15 
Ant 3
12 3 4 5 6 8 7 18 16 10 11 14 23 22 15 
component 2
Ant 0
7 8 6 5 4 11 14 23 24 21 22 15 
Ant 1
7 18 16 10 17 19 15 
Ant 2
7 8 6 5 9 10 17 19 20 21 22 15 
Ant 3
7 8 16 18 20 19 17 10 11 4 5 6 2 1 3 12 13 24 21 22 15 
Ant 0
18 7 8 6 5 9 10 11 14 23 24 21 22 15 
Ant 1
18 7 8 6 5 4 11 14 23 22 15 
Ant 2
18 16 17 19 20 21 22 15 
Ant 3
18 7 8 6 5 9 10 17 19 20 21 22 15 
component 3
Ant 0
9 10 15 
Ant 1
9 10 11 14 23 22 15 
Ant 2
9 5 6 8 7 18 16 10 15 
Ant 3
9 5 4 3 12 13 24 21 22 15 
component 4
Ant 0
13 24 23 22 21 20 19 17 16 18 7 8 6 5 4 11 14 15 
Ant 1
13 12 3 1 2 6 5 4 11 10 9 8 7 18 16 17 19 15 
Ant 2
13 12 11 10 9 5 6 8 16 17 19 15 
Ant 3
13 24 21 20 19 17 16 18 7 8 6 5 9 10 15 
updatePHEROMONES
component 0
Ant 0
1 2 6 8 7 18 16 17 19 20 21 24 13 12 3 4 11 10 15 
Ant 1
1 3 12 13 24 21 22 15 
Ant 2
1 2 6 8 7 18 16 10 11 14 23 24 21 22 15 
Ant 3
1 3 12 13 24 21 22 15 
Ant 0
2 6 8 7 18 16 17 19 20 21 22 15 
Ant 1
2 6 5 9 10 15 
Ant 2
2 6 5 9 10 15 
Ant 3
2 6 8 7 18 16 17 19 20 21 22 15 
component 1
Ant 0
3 12 11 14 23 22 15 
Ant 1
3 12 11 14 23 22 15 
Ant 2
3 12 13 24 21 22 15 
Ant 3
3 1 2 6 5 9 10 16 17 19 20 21 24 13 12 11 14 15 
Ant 0
12 13 24 21 22 15 
Ant 1
12 13 24 21 22 15 
Ant 2
12 3 1 2 6 8 7 18 16 17 19 15 
Ant 3
12 13 24 21 20 19 17 16 10 15 
component 2
Ant 0
7 8 16 18 20 19 17 10 9 5 4 11 12 13 24 21 22 15 
Ant 1
7 8 6 5 9 10 15 
Ant 2
7 18 16 8 6 2 1 3 12 13 24 21 22 15 
Ant 3
7 18 20 21 22 15 
Ant 0
18 7 8 6 2 1 3 12 13 24 21 22 15 
Ant 1
18 16 17 19 15 
Ant 2
18 7 8 16 17 10 11 4 5 6 2 1 3 12 13 24 21 22 15 
Ant 3
18 16 17 19 20 21 22 15 
component 3
Ant 0
9 10 16 17 19 15 
Ant 1
9 5 6 8 7 18 16 17 19 20 21 22 15 
Ant 2
9 5 6 8 7 18 16 10 11 12 13 24 21 22 15 
Ant 3
9 5 6 8 7 18 16 17 19 20 21 22 15 
component 4
Ant 0
13 12 3 4 11 14 23 22 15 
Ant 1
13 24 21 22 15 
Ant 2
13 12 11 14 23 22 15 
Ant 3
13 12 3 1 2 6 8 7 18 16 17 19 20 21 24 23 14 11 4 5 9 10 15 
updatePHEROMONES
component 0
Ant 0
1 3 12 13 24 21 22 15 
Ant 1
1 2 6 5 9 10 15 
Ant 2
1 3 12 13 24 21 22 15 
Ant 3
1 2 6 5 4 11 12 13 24 21 22 15 
Ant 0
2 6 5 4 11 10 9 8 7 18 16 17 19 15 
Ant 1
2 6 5 4 3 12 13 24 21 22 15 
Ant 2
2 6 5 9 10 15 
Ant 3
2 6 5 4 3 12 13 24 21 22 15 
component 1
Ant 0
3 12 11 4 5 9 10 15 
Ant 1
3 12 13 24 21 22 15 
Ant 2
3 12 13 24 21 22 15 
Ant 3
3 12 13 24 21 22 15 
Ant 0
12 13 24 21 22 15 
Ant 1
12 13 24 21 22 15 
Ant 2
12 13 24 21 22 15 
Ant 3
12 13 24 21 22 15 
component 2
Ant 0
7 18 16 17 19 15 
Ant 1
7 8 6 2 1 3 12 13 24 23 14 11 10 16 17 19 15 
Ant 2
7 18 16 17 19 15 
Ant 3
7 18 16 17 19 15 
Ant 0
18 16 17 19 15 
Ant 1
18 16 8 6 2 1 3 12 13 24 21 22 15 
Ant 2
18 16 10 9 5 6 2 1 3 12 13 24 21 22 15 
Ant 3
18 16 17 19 15 
component 3
Ant 0
9 10 16 17 19 15 
Ant 1
9 10 15 
Ant 2
9 10 15 
Ant 3
9 5 6 2 1 3 12 13 24 21 22 15 
component 4
Ant 0
13 12 3 4 5 9 10 11 14 23 22 15 
Ant 1
13 12 3 4 5 9 10 16 17 19 15 
Ant 2
13 12 3 4 11 10 15 
Ant 3
13 24 21 22 15 
updatePHEROMONES
component 0
Ant 0
1 3 12 13 24 21 22 15 
Ant 1
1 2 6 5 9 10 15 
Ant 2
1 3 12 13 24 21 22 15 
Ant 3
1 3 12 13 24 21 22 15 
Ant 0
2 6 5 9 10 16 17 19 15 
Ant 1
2 6 8 7 18 16 17 19 15 
Ant 2
2 6 5 9 10 15 
Ant 3
2 6 8 7 18 16 17 19 15 
component 1
Ant 0
3 12 13 24 21 22 15 
Ant 1
3 12 13 24 21 22 15 
Ant 2
3 12 13 24 21 22 15 
Ant 3
3 12 13 24 21 22 15 
Ant 0
12 13 24 21 22 15 
Ant 1
12 3 1 2 6 5 4 11 10 9 8 7 18 16 17 19 15 
Ant 2
12 13 24 21 22 15 
Ant 3
12 13 24 21 22 15 
component 2
Ant 0
7 8 16 17 19 15 
Ant 1
7 18 16 17 19 15 
Ant 2
7 8 6 5 9 10 16 17 19 15 
Ant 3
7 8 6 5 9 10 15 
Ant 0
18 16 17 19 15 
Ant 1
18 16 17 19 15 
Ant 2
18 16 17 19 15 
Ant 3
18 16 17 19 15 
component 3
Ant 0
9 5 6 2 1 3 12 13 24 21 22 15 
Ant 1
9 5 6 8 7 18 16 17 19 15 
Ant 2
9 5 4 3 12 13 24 21 22 15 
Ant 3
9 10 16 17 19 15 
component 4
Ant 0
13 24 21 22 15 
Ant 1
13 24 21 22 15 
Ant 2
13 24 21 22 15 
Ant 3
13 24 21 22 15 
updatePHEROMONES
component 0
Ant 0
1 3 12 13 24 21 22 15 
Ant 1
1 3 12 13 24 21 22 15 
Ant 2
1 3 12 13 24 21 22 15 
Ant 3
1 2 6 8 7 18 16 17 19 15 
Ant 0
2 6 8 7 18 16 17 19 15 
Ant 1
2 6 8 7 18 16 17 19 15 
Ant 2
2 6 8 9 10 15 
Ant 3
2 6 8 7 18 16 17 19 15 
component 1
Ant 0
3 12 13 24 21 22 15 
Ant 1
3 12 13 24 21 22 15 
Ant 2
3 12 13 24 21 22 15 
Ant 3
3 12 13 24 21 22 15 
Ant 0
12 3 4 5 9 10 15 
Ant 1
12 13 24 21 22 15 
Ant 2
12 13 24 21 22 15 
Ant 3
12 3 4 5 6 8 7 18 16 17 19 15 
component 2
Ant 0
7 18 16 17 19 15 
Ant 1
7 18 16 8 6 5 9 10 15 
Ant 2
7 18 16 17 19 15 
Ant 3
7 8 6 5 9 10 15 
Ant 0
18 16 8 6 5 9 10 17 19 15 
Ant 1
18 16 17 19 15 
Ant 2
18 16 17 19 15 
Ant 3
18 16 17 19 15 
component 3
Ant 0
9 10 15 
Ant 1
9 10 15 
Ant 2
9 10 15 
Ant 3
9 10 15 
component 4
Ant 0
13 12 3 1 2 6 5 9 10 15 
Ant 1
13 24 21 22 15 
Ant 2
13 12 3 4 5 6 8 7 18 16 17 19 15 
Ant 3
13 24 21 22 15 
updatePHEROMONES
finish
