1  2    900
1  3    450
10 12   350
10 73   500
11 12   500
12 38   230
13 65   450
15 16   300
15 42   110
15 44   100
15 71   210
16 18   450
16 39   210
17 19   550
17 40   350
18 17   650
18 72   1300
19 32   160
19 20   100
2  57   450
20 72   1900
21 22   500
22 36   500
23 22   230
23 24   300
23 28   110 
24 35   400
25 35   400
26 25   300
26 27   1000
26 28   550
26 29   500
29 28   350
29 31   290
29 73   180
3  4    500
30 26   400
30 31   600
30 67   150
30 68   180
32 33   350
32 34   350
34 33   360
33 14   100
14 20   150
35 37   300
38 39   350
38 73   450
4 53    300
40 41   300
42 40   190
42 43   350
44 46   180
44 48   500
46 45   200
47 49   200
48 47   110
48 51   210
5 6     550
50 51   400
51 52   200
53 11   77
53 54   300
54 55   260
54 56   800
55 5    500
55 7    300
56 57   450
59 61   250
59 66   500
6 58    550
6 63    61
62 59   550
62 63   150
64 65   160
65 6    350
68 70   350
7  11   400
7  13   450
7 8     400
72 21   750
8 10    400
8 9     280
9 13    450